,predict_confirmed_case,confirmed_case,observation_date
0,794846.5770918395,794862,01-Oct
1,800440.8735872313,800352,02-Oct
2,805735.8577859302,805728,03-Oct
3,810760.6147763352,811111,04-Oct
4,815541.1560956817,815474,05-Oct
5,820100.9363292282,819837,06-Oct
6,824461.3326589738,823987,07-Oct
7,828642.087361905,828771,08-Oct
8,832661.7132577738,833284,09-Oct
9,836537.8621064057,836812,10-Oct
10,840287.6559545384,840431,11-Oct
11,843927.9814321902,843380,12-Oct
12,847475.7469985596,846841,13-Oct
13,850948.1031374553,850992,14-Oct
14,854362.6255022555,854789,15-Oct
15,857737.4610103983,858010,16-Oct
16,861091.4368874042,861203,17-Oct
17,864444.1326604241,864371,18-Oct
18,867815.9151013243,867405,19-Oct
19,871227.9361192958,871051,20-Oct
20,874702.0936029983,874687,21-Oct
21,878260.9552122316,878672,22-Oct
22,881927.64511914,882045,23-Oct
23,885725.6936989445,886090,24-Oct
24,889678.8501702079,889729,25-Oct
25,893810.8581846277,893324,26-Oct
26,898145.1943663621,897735,27-Oct
27,902704.7698008835,902627,28-Oct
28,907511.5944733651,907526,29-Oct
29,912586.4046565964,912753,30-Oct
30,917948.2532484286,918272,31-Oct
31,923614.0630587519,923870,01-Nov
32,929598.1430460026,929507,02-Nov
33,935911.6675031991,935699,03-Nov
34,942562.1181935114,942279,04-Nov
35,949552.689435357,949783,05-Nov
36,956881.6561370313,0,Null
37,964541.7047808652,0,Null
38,972519.2273569154,0,Null
39,980793.5782461821,0,Null
40,989336.2940533606,0,Null
41,998110.2763891217,0,Null
42,1007068.9376019208,0,Null
43,1016155.3094593409,0,Null
44,1025301.1147789629,0,Null
45,1034425.8020087674,0,Null
46,1043435.5427570681,0,Null
47,1052222.1922719728,0,Null
48,1060662.2128703778,0,Null
49,1068615.5603164914,0,Null
